Fitting parameter search for random forest
Fitting 4 folds for each of 20 candidates, totalling 80 fits
Best model: RandomForestClassifier(max_depth=545.559478116852, n_estimators=20, n_jobs=-1,
                       random_state=8)
Metrics:
	Precision: 0.6109705975339867
	Recall: 0.15942746359773954
	Accuracy: 0.9417130082151507
	F1: 0.25287055513755763
	Auc roc: 0.5763662886958811

Time: 1041.1135320663452s
{'mean_fit_time': array([ 34.79646683,  44.6338051 ,  53.84713244,  67.23954153,
        87.10376465, 113.5509674 , 123.37156558, 142.27880722,
       175.84851658, 195.15874612, 185.00384539, 191.35175306,
       187.86988032, 198.68494284, 189.81817335, 190.51302916,
       189.91229796, 192.46292496, 165.29580867, 126.11046153]), 'std_fit_time': array([2.54496001, 3.0100626 , 0.30601423, 0.51082542, 2.84834367,
       1.63527479, 0.18221269, 2.56972163, 2.68042887, 2.68073714,
       2.02280354, 3.18128293, 2.00136894, 1.89075904, 2.50771659,
       1.60299767, 2.8854354 , 4.34836551, 4.68802519, 1.54452894]), 'mean_score_time': array([ 6.77902639,  6.64587367,  6.42295235,  8.96213871,  9.83522421,
       10.67804235,  9.02253252, 10.24243087,  8.46415746,  9.4822706 ,
       10.02750289, 10.3547172 ,  9.22920734, 10.06039602,  9.58928519,
        9.9014917 ,  9.97700429, 10.00575608,  3.44528073,  0.14015734]), 'std_score_time': array([0.9267832 , 0.69433895, 0.16833858, 0.33395737, 1.36456307,
       0.27322   , 0.09782928, 1.27661784, 0.61524605, 0.43674991,
       0.42892661, 0.90389822, 0.22419015, 0.06756788, 1.01279192,
       0.34990643, 0.29983836, 1.8121476 , 0.21104562, 0.01379717]), 'param_max_depth': masked_array(data=[100.0, 127.42749857031335, 162.3776739188721,
                   206.913808111479, 263.6650898730358, 335.9818286283781,
                   428.13323987193957, 545.559478116852,
                   695.1927961775606, 885.8667904100823,
                   1128.8378916846884, 1438.449888287663,
                   1832.9807108324355, 2335.7214690901214,
                   2976.351441631319, 3792.69019073225, 4832.930238571752,
                   6158.48211066026, 7847.5997035146065, 10000.0],
             mask=[False, False, False, False, False, False, False, False,
                   False, False, False, False, False, False, False, False,
                   False, False, False, False],
       fill_value='?',
            dtype=object), 'params': [{'max_depth': 100.0}, {'max_depth': 127.42749857031335}, {'max_depth': 162.3776739188721}, {'max_depth': 206.913808111479}, {'max_depth': 263.6650898730358}, {'max_depth': 335.9818286283781}, {'max_depth': 428.13323987193957}, {'max_depth': 545.559478116852}, {'max_depth': 695.1927961775606}, {'max_depth': 885.8667904100823}, {'max_depth': 1128.8378916846884}, {'max_depth': 1438.449888287663}, {'max_depth': 1832.9807108324355}, {'max_depth': 2335.7214690901214}, {'max_depth': 2976.351441631319}, {'max_depth': 3792.69019073225}, {'max_depth': 4832.930238571752}, {'max_depth': 6158.48211066026}, {'max_depth': 7847.5997035146065}, {'max_depth': 10000.0}], 'split0_test_f1': array([0.0414174 , 0.07307172, 0.13442482, 0.18393675, 0.21973632,
       0.26166794, 0.24749422, 0.25984848, 0.25247148, 0.2418251 ,
       0.2601441 , 0.25359576, 0.24496006, 0.24496006, 0.24496006,
       0.24496006, 0.24496006, 0.24496006, 0.24496006, 0.24496006]), 'split1_test_f1': array([0.04112865, 0.06069227, 0.12370203, 0.16878006, 0.21377871,
       0.24006488, 0.25690276, 0.27754155, 0.2514875 , 0.25553398,
       0.24535022, 0.26193294, 0.25396825, 0.26007905, 0.25783419,
       0.25783419, 0.25783419, 0.25783419, 0.25783419, 0.25783419]), 'split2_test_f1': array([0.04301075, 0.07956241, 0.11974891, 0.17126813, 0.22731278,
       0.24247563, 0.27190827, 0.26447639, 0.26704777, 0.24486442,
       0.23833333, 0.25611272, 0.26309278, 0.27243067, 0.26715686,
       0.26715686, 0.26715686, 0.26715686, 0.26715686, 0.26715686]), 'split3_test_f1': array([0.03571429, 0.07898449, 0.1127923 , 0.15186501, 0.17954251,
       0.24837134, 0.23231084, 0.25490196, 0.2437276 , 0.2406672 ,
       0.23741007, 0.21918908, 0.22490931, 0.22490931, 0.22490931,
       0.22490931, 0.22490931, 0.22490931, 0.22490931, 0.22490931]), 'mean_test_f1': array([0.04031777, 0.07307772, 0.12266701, 0.16896249, 0.21009258,
       0.24814495, 0.25215402, 0.2641921 , 0.25368359, 0.24572267,
       0.24530943, 0.24770763, 0.2467326 , 0.25059477, 0.24871511,
       0.24871511, 0.24871511, 0.24871511, 0.24871511, 0.24871511]), 'std_test_f1': array([0.00275277, 0.00758848, 0.00783171, 0.01142258, 0.01827861,
       0.00837185, 0.01438964, 0.00841817, 0.00842638, 0.00586829,
       0.00909856, 0.01674054, 0.0141369 , 0.01773592, 0.01584355,
       0.01584355, 0.01584355, 0.01584355, 0.01584355, 0.01584355]), 'rank_test_f1': array([20, 19, 18, 17, 16, 11,  3,  1,  2, 14, 15, 12, 13,  4,  5,  5,  5,
        5,  5,  5]), 'split0_test_accuracy': array([0.93620801, 0.93706551, 0.93847426, 0.93994426, 0.94018926,
       0.94089364, 0.94021989, 0.94015864, 0.93979114, 0.93893364,
       0.94025051, 0.93960739, 0.93920926, 0.93920926, 0.93920926,
       0.93920926, 0.93920926, 0.93920926, 0.93920926, 0.93920926]), 'split1_test_accuracy': array([0.93859676, 0.93933176, 0.94055676, 0.94178177, 0.94233302,
       0.94260864, 0.94312927, 0.94276177, 0.94221052, 0.94129176,
       0.94159802, 0.94270052, 0.94242489, 0.94266989, 0.94270052,
       0.94270052, 0.94270052, 0.94270052, 0.94270052, 0.94270052]), 'split2_test_accuracy': array([0.94276177, 0.94331302, 0.94417052, 0.94576302, 0.94628365,
       0.94527302, 0.94554865, 0.94515052, 0.94502802, 0.94371114,
       0.9440174 , 0.94502802, 0.94527302, 0.9453649 , 0.94505865,
       0.94505865, 0.94505865, 0.94505865, 0.94505865, 0.94505865]), 'split3_test_accuracy': array([0.93881114, 0.94000551, 0.94074051, 0.94150614, 0.94178177,
       0.94346614, 0.94251677, 0.94181239, 0.94184302, 0.94144489,
       0.94156739, 0.94043426, 0.94110801, 0.94110801, 0.94110801,
       0.94110801, 0.94110801, 0.94110801, 0.94110801, 0.94110801]), 'mean_test_accuracy': array([0.93909442, 0.93992895, 0.94098551, 0.9422488 , 0.94264692,
       0.94306036, 0.94285364, 0.94247083, 0.94221817, 0.94134536,
       0.94185833, 0.94194255, 0.9420038 , 0.94208802, 0.94201911,
       0.94201911, 0.94201911, 0.94201911, 0.94201911, 0.94201911]), 'std_test_accuracy': array([0.002351  , 0.00223683, 0.00204295, 0.00214653, 0.00224237,
       0.00157792, 0.00189665, 0.0018059 , 0.00186592, 0.00169013,
       0.00136006, 0.00211084, 0.00220664, 0.00225412, 0.00214642,
       0.00214642, 0.00214642, 0.00214642, 0.00214642, 0.00214642]), 'rank_test_accuracy': array([20, 19, 18,  5,  3,  1,  2,  4,  6, 17, 16, 15, 14,  7,  8,  8,  8,
        8,  8,  8])}
