Fitting parameter search for random forest
Fitting 4 folds for each of 20 candidates, totalling 80 fits
Best model: RandomForestClassifier(max_depth=784.7599703514607, n_estimators=10, n_jobs=-1,
                       random_state=8)
Metrics:
	Precision: 0.6535322621780159
	Recall: 0.211401229220806
	Accuracy: 0.9442752981469336
	F1: 0.3194639239520025
	Auc roc: 0.6020049612537106

Time: 26646.339868545532s
{'mean_fit_time': array([   38.87722921,    52.38125569,    67.73634386,   103.88162589,
         193.78999126,   294.0995419 ,   424.61390328,   735.5735454 ,
        1207.67406404,  1818.21354616,  2596.165461  ,  3692.31251812,
        4682.86268502,  5983.06660026,  6681.9602707 ,  5943.32803011,
        9795.15305829, 12702.38713282, 12865.00242239,  6906.32533616]), 'std_fit_time': array([  3.88530392,   1.08917188,   0.98915046,   7.25144116,
         3.55183289,   1.25385463,   5.59007956,  10.54703197,
        13.16474151,  22.81389366,  28.43039922,  20.38966739,
        35.34927591,  39.33977169,  58.69175702,  69.57244675,
        82.42117249, 115.5528014 ,  89.39893956,  74.37361228]), 'mean_score_time': array([ 6.13223714,  4.92358643,  9.27981693, 10.84101474,  9.93369126,
        9.74718857, 11.29305625, 11.94643432, 13.09909177, 14.53740084,
       17.34030229, 18.86402029, 22.22582555, 24.74109983, 38.7703408 ,
       45.89080304, 43.07682681, 42.96315378, 12.79877913,  5.07344913]), 'std_score_time': array([1.72829741, 0.4050931 , 0.26286183, 0.54274091, 0.33185109,
       0.21404529, 0.37598823, 0.72962681, 0.97434436, 1.46176272,
       0.21806422, 1.83092726, 0.8059517 , 1.15885513, 2.90752035,
       4.82838458, 6.13077419, 3.89758152, 2.71587463, 0.30938077]), 'param_max_depth': masked_array(data=[10.0, 14.38449888287663, 20.6913808111479,
                   29.76351441631318, 42.81332398719393,
                   61.58482110660264, 88.58667904100822,
                   127.42749857031335, 183.29807108324357,
                   263.6650898730358, 379.26901907322497,
                   545.5594781168514, 784.7599703514607,
                   1128.8378916846884, 1623.776739188721,
                   2335.7214690901214, 3359.818286283781,
                   4832.930238571752, 6951.927961775606, 10000.0],
             mask=[False, False, False, False, False, False, False, False,
                   False, False, False, False, False, False, False, False,
                   False, False, False, False],
       fill_value='?',
            dtype=object), 'params': [{'max_depth': 10.0}, {'max_depth': 14.38449888287663}, {'max_depth': 20.6913808111479}, {'max_depth': 29.76351441631318}, {'max_depth': 42.81332398719393}, {'max_depth': 61.58482110660264}, {'max_depth': 88.58667904100822}, {'max_depth': 127.42749857031335}, {'max_depth': 183.29807108324357}, {'max_depth': 263.6650898730358}, {'max_depth': 379.26901907322497}, {'max_depth': 545.5594781168514}, {'max_depth': 784.7599703514607}, {'max_depth': 1128.8378916846884}, {'max_depth': 1623.776739188721}, {'max_depth': 2335.7214690901214}, {'max_depth': 3359.818286283781}, {'max_depth': 4832.930238571752}, {'max_depth': 6951.927961775606}, {'max_depth': 10000.0}], 'split0_test_f1': array([0.        , 0.        , 0.        , 0.        , 0.00056782,
       0.00340112, 0.01044092, 0.0347367 , 0.0863396 , 0.17968701,
       0.25382423, 0.28952023, 0.2934057 , 0.2887397 , 0.28396211,
       0.2816237 , 0.28487036, 0.28703653, 0.28267427, 0.28308363]), 'split1_test_f1': array([0.00000000e+00, 0.00000000e+00, 0.00000000e+00, 0.00000000e+00,
       2.82485876e-04, 9.88142292e-04, 7.59333474e-03, 3.63184423e-02,
       9.22585369e-02, 1.72405190e-01, 2.51437199e-01, 2.84561830e-01,
       2.97086228e-01, 2.82367044e-01, 2.89504908e-01, 2.78892696e-01,
       2.81050005e-01, 2.86332414e-01, 2.90520867e-01, 2.83188720e-01]), 'split2_test_f1': array([0.00000000e+00, 0.00000000e+00, 0.00000000e+00, 0.00000000e+00,
       1.41633029e-04, 2.54614895e-03, 7.89121398e-03, 3.39688042e-02,
       9.07939471e-02, 1.78400249e-01, 2.44447029e-01, 2.93843539e-01,
       2.98049387e-01, 2.85807682e-01, 2.83454329e-01, 2.77985075e-01,
       2.79339385e-01, 2.80004356e-01, 2.83606557e-01, 2.90448767e-01]), 'split3_test_f1': array([0.        , 0.        , 0.        , 0.        , 0.        ,
       0.00168776, 0.00672787, 0.03374656, 0.09163636, 0.17637581,
       0.25867218, 0.29061144, 0.30773342, 0.30088401, 0.29485604,
       0.29434687, 0.29042479, 0.29390912, 0.29329173, 0.28407616]), 'mean_test_f1': array([0.00000000e+00, 0.00000000e+00, 0.00000000e+00, 0.00000000e+00,
       2.47984443e-04, 2.15579362e-03, 8.16333436e-03, 3.46926247e-02,
       9.02571125e-02, 1.76717064e-01, 2.52095160e-01, 2.89634259e-01,
       2.99068683e-01, 2.89449608e-01, 2.87944347e-01, 2.83212086e-01,
       2.83921136e-01, 2.86820606e-01, 2.87523357e-01, 2.85199318e-01]), 'std_test_f1': array([0.        , 0.        , 0.        , 0.        , 0.00020994,
       0.00090632, 0.00138265, 0.00100799, 0.00232073, 0.00275511,
       0.00512771, 0.00333225, 0.00529425, 0.00697631, 0.00464288,
       0.00656668, 0.00425542, 0.00492426, 0.00450317, 0.00305519]), 'rank_test_f1': array([17, 17, 17, 17, 16, 15, 14, 13, 12, 11, 10,  2,  1,  3,  4,  9,  8,
        6,  5,  7]), 'split0_test_accuracy': array([0.93838265, 0.93838265, 0.93838265, 0.93838265, 0.93839578,
       0.93846578, 0.93863203, 0.9392139 , 0.94027702, 0.94243827,
       0.94387327, 0.94376389, 0.94304202, 0.94298952, 0.94278827,
       0.94270514, 0.94280139, 0.94270952, 0.94277952, 0.94242952]), 'split1_test_accuracy': array([0.93805863, 0.93805863, 0.93805863, 0.93805863, 0.93806738,
       0.93807613, 0.93824676, 0.93893801, 0.94033801, 0.94195239,
       0.94360177, 0.94335239, 0.94290177, 0.94238114, 0.94236364,
       0.94199177, 0.94200489, 0.94227177, 0.94243364, 0.94217114]), 'split2_test_accuracy': array([0.93822488, 0.93822488, 0.93822488, 0.93822488, 0.93822926,
       0.93829926, 0.93839551, 0.93903426, 0.94032926, 0.94225427,
       0.94315114, 0.94364552, 0.94316427, 0.94264802, 0.94213614,
       0.94243364, 0.94234614, 0.94215364, 0.94264364, 0.94286239]), 'split3_test_accuracy': array([0.93785301, 0.93785301, 0.93785301, 0.93785301, 0.93785301,
       0.93789238, 0.93799301, 0.93861863, 0.93989176, 0.94185614,
       0.94352739, 0.94350552, 0.94333052, 0.94291052, 0.94224552,
       0.94216677, 0.94219302, 0.94248614, 0.94252552, 0.94209239]), 'mean_test_accuracy': array([0.9381298 , 0.9381298 , 0.9381298 , 0.9381298 , 0.93813636,
       0.93818339, 0.93831683, 0.9389512 , 0.94020902, 0.94212527,
       0.94353839, 0.94356683, 0.94310964, 0.9427323 , 0.94238339,
       0.94232433, 0.94233636, 0.94240527, 0.94259558, 0.94238886]), 'std_test_accuracy': array([0.00019663, 0.00019663, 0.00019663, 0.00019663, 0.00020061,
       0.00021758, 0.00023201, 0.00021604, 0.00018464, 0.00023288,
       0.00025799, 0.00015392, 0.00015776, 0.00023892, 0.00024721,
       0.00027037, 0.00029444, 0.00021228, 0.00012969, 0.00030049]), 'rank_test_accuracy': array([17, 17, 17, 17, 16, 15, 14, 13, 12, 11,  2,  1,  3,  4,  8, 10,  9,
        6,  5,  7])}
